Multiple size <= 100
TEST 1 ARG:99 66 20 76 21 67 51 71 9 47 8 74 97 0 98 93 62 10 34 54 44 57 77 59 27 72 85 37 1 82 41 70 64 84 80 42 23 61 89 48 13 4 69 36 52 53 79 45 5 32 16 24 38 68 3 86 90 43 28 19 94 46 6 81 11 56 7 65 35 88 92 95 39 75 58 30 26 2 12 91 55 18 15 25 60 17 78 33 87 14 50 29 49 22 31 96 83 40 73 63
TEST 2 ARG:33 14 77 45 24 95 43 21 39 22 48 2 97 10 51 69 25 57 19 9 7 0 50 6 84 64 68 53 58 4 18 67 74 38 8 66 79 35 93 86 16 98 88 23 34 52 83 13 71 90 42 76 20 73 5 29 12 27 99 26 96 80 47 59 54 49 55 65 17 32 91 40 94 61 28 15 78 87 1 30 46 81 37 11 36 3 63 72 31 89 75 44 92 82 60 85 41 70 56 62
TEST 3 ARG:96 61 26 12 37 20 57 34 4 68 88 55 3 85 94 54 80 1 95 36 9 92 39 24 28 8 40 63 19 0 58 22 25 91 76 14 65 23 64 51 79 73 47 77 69 70 82 48 30 99 46 21 71 52 97 29 32 75 59 89 53 43 81 27 86 84 78 38 87 74 62 6 60 5 35 66 93 45 33 16 50 56 15 17 31 44 67 10 49 11 42 83 7 13 2 18 72 98 41 90
TEST 4 ARG:62 45 18 77 38 34 2 13 67 54 79 17 98 47 51 48 95 9 90 6 80 58 14 44 60 69 76 30 49 61 41 73 5 53 26 64 43 25 11 63 31 3 50 29 10 91 97 23 87 86 65 68 42 33 70 81 56 46 32 84 82 8 1 28 72 27 0 57 4 20 83 12 89 35 71 16 55 7 93 15 74 99 37 52 75 88 36 19 40 59 94 22 66 85 39 24 96 78 92 21
TEST 5 ARG:38 86 99 67 72 77 45 55 71 78 37 96 39 70 28 93 49 50 29 6 15 4 11 13 92 8 79 97 36 10 88 58 7 20 90 76 24 62 21 46 65 69 44 41 34 60 61 73 3 47 5 14 16 74 30 43 98 53 66 32 40 51 84 25 9 1 82 52 63 31 89 64 23 22 12 54 85 35 94 27 56 80 95 91 59 26 17 83 81 33 19 75 87 57 0 42 68 48 18 2
TEST 6 ARG:84 50 12 63 57 90 49 43 41 67 34 46 33 79 95 40 69 72 92 16 74 66 48 18 94 7 37 65 64 78 87 62 97 13 91 35 58 70 24 4 29 53 60 73 96 76 42 80 32 82 9 68 81 1 3 71 27 86 93 26 23 0 59 61 31 98 39 77 5 55 20 51 30 85 56 44 88 6 17 83 14 8 52 2 25 45 22 54 28 38 75 36 15 19 21 11 99 10 47 89
TEST 7 ARG:8 28 87 74 16 44 82 97 95 4 32 49 90 64 29 58 17 31 79 89 38 25 98 72 52 50 75 21 68 3 59 43 84 61 2 66 13 41 76 42 12 88 53 47 30 33 27 96 56 23 67 85 0 26 93 91 80 20 70 92 37 5 48 55 81 60 1 46 63 19 45 24 94 9 22 6 54 65 71 18 99 83 40 15 57 51 14 10 39 62 77 36 11 35 7 86 73 69 34 78
TEST 8 ARG:58 54 89 50 18 41 81 12 37 10 45 0 67 13 84 15 21 28 55 1 88 94 22 8 14 70 87 71 53 59 2 82 65 85 92 66 49 76 29 72 62 90 44 33 36 79 51 64 20 73 75 26 52 46 5 97 47 24 3 30 42 9 56 48 63 25 27 34 96 61 99 19 4 78 68 38 80 95 23 83 32 93 11 98 57 35 60 39 43 17 77 40 6 69 91 86 31 74 16 7
TEST 9 ARG:71 76 65 31 52 9 61 26 40 87 62 23 58 93 34 67 18 25 72 91 60 19 0 6 97 85 20 5 35 45 42 82 14 2 70 38 90 24 47 86 68 22 54 74 43 3 7 8 94 88 21 16 95 63 33 4 78 73 56 77 36 30 10 55 80 1 51 29 53 75 66 84 83 89 27 46 69 44 98 37 39 50 15 11 96 81 28 92 13 99 57 59 48 79 64 12 32 49 41 17
TEST 10 ARG:20 32 47 98 69 60 18 80 17 91 54 64 93 62 72 34 46 76 22 21 24 56 55 44 99 73 19 31 71 90 87 8 33 45 96 78 16 6 68 75 63 11 38 61 40 0 79 52 89 51 94 83 53 10 12 36 84 70 57 86 58 30 67 65 27 26 4 85 92 7 39 2 25 82 35 66 81 50 49 23 43 9 48 77 59 41 15 42 37 74 3 97 13 5 1 28 88 29 14 95
TEST 11 ARG:57 74 41 79 61 43 54 40 99 60 59 42 72 44 87 26 51 89 22 6 98 58 48 62 78 9 90 39 28 68 12 0 69 38 25 80 70 19 5 85 63 47 75 17 36 81 84 23 16 88 94 1 13 37 86 30 64 3 55 96 67 56 2 33 34 31 53 52 93 92 73 65 97 14 8 91 20 77 83 35 46 82 45 7 21 71 24 32 4 66 27 15 76 29 50 49 95 10 11 18
TEST 12 ARG:14 21 52 15 93 44 74 36 70 82 97 99 67 83 0 5 49 46 68 10 8 6 45 43 7 1 9 12 62 4 94 73 20 58 28 50 11 48 69 27 88 75 57 76 64 72 79 19 40 22 77 96 63 26 81 91 71 55 42 3 47 17 31 90 35 29 92 65 39 32 85 2 30 33 89 66 78 53 18 37 86 98 13 87 95 41 16 25 24 61 51 56 34 59 84 80 23 38 60 54
TEST 13 ARG:31 86 46 63 94 93 36 59 49 41 79 70 15 84 92 56 11 71 54 40 66 65 97 22 47 18 21 0 23 75 5 91 43 44 48 9 34 78 27 64 14 80 83 82 69 99 73 10 26 76 55 35 57 62 1 38 67 58 74 68 4 12 28 8 81 72 33 96 29 51 39 98 19 3 95 37 88 32 30 20 25 42 17 90 87 61 53 24 45 50 77 60 52 2 6 7 13 16 85 89
TEST 14 ARG:49 62 45 24 80 65 58 51 30 42 32 98 96 37 38 33 7 72 73 92 55 91 54 15 69 94 77 63 89 46 97 39 1 28 2 60 43 66 81 6 23 31 48 44 25 41 11 22 13 5 21 90 75 14 93 27 86 83 3 9 17 19 20 52 57 4 85 78 29 0 64 70 79 61 68 50 56 34 88 74 18 8 53 16 99 36 12 10 95 71 82 59 26 87 40 67 76 47 84 35
TEST 15 ARG:13 47 15 4 86 36 73 85 95 93 7 37 89 90 3 0 57 83 38 29 27 41 78 60 69 1 19 18 79 35 10 2 96 66 30 26 82 51 71 76 61 40 84 88 44 74 8 53 70 11 56 45 25 97 63 99 21 20 14 12 9 64 31 75 39 80 98 34 28 46 72 17 5 94 48 22 67 32 42 91 58 16 68 55 50 24 77 62 65 59 49 43 52 33 54 81 92 6 23 87
TEST 16 ARG:22 79 23 0 3 71 61 88 28 45 25 10 58 8 54 17 11 40 70 15 20 19 2 49 43 93 57 13 69 91 1 89 92 18 99 12 67 90 21 66 78 7 16 42 75 27 9 52 31 98 48 65 82 97 39 68 64 41 95 94 46 35 33 62 4 47 60 80 59 84 55 44 51 34 56 37 83 74 86 53 38 81 30 85 5 6 24 14 96 77 32 63 76 87 26 72 50 29 36 73
TEST 17 ARG:86 12 6 82 59 66 55 51 91 15 89 92 14 85 75 64 40 83 72 21 11 96 60 61 84 33 2 31 44 13 5 65 27 46 80 88 57 68 19 7 78 50 26 18 54 43 23 34 98 0 67 17 41 4 9 97 36 22 70 87 45 8 52 81 24 53 38 76 1 32 28 29 71 94 74 35 30 69 16 49 62 56 37 25 93 42 63 99 95 3 47 58 77 10 73 20 39 48 79 90
TEST 18 ARG:73 8 9 37 81 33 30 13 20 1 52 0 47 28 44 3 76 68 36 92 58 86 17 50 25 91 93 15 4 88 27 98 94 59 65 19 69 97 72 41 42 62 77 56 53 43 22 14 32 74 39 35 48 87 60 64 26 7 18 49 12 89 57 6 61 71 84 83 16 55 10 21 40 5 51 67 24 79 70 2 46 99 45 95 34 38 23 11 82 29 54 78 63 31 80 96 66 85 75 90
TEST 19 ARG:90 49 41 61 96 16 17 79 36 99 95 33 86 29 22 56 54 71 74 26 72 42 51 87 73 46 58 77 64 7 20 48 94 14 4 80 70 44 52 18 2 28 82 45 10 0 8 93 62 76 65 55 91 63 6 13 1 21 19 88 67 97 98 30 12 78 39 84 69 37 32 68 81 40 25 53 92 27 5 35 34 57 23 47 9 59 24 43 11 50 89 66 75 15 38 83 31 3 60 85
TEST 20 ARG:27 46 7 99 28 23 36 85 47 67 9 82 2 63 22 87 96 83 31 88 57 52 48 39 92 75 19 60 55 50 74 6 94 72 49 93 65 40 70 26 84 62 43 66 81 44 89 0 76 29 1 56 78 35 61 80 58 30 18 69 11 59 91 20 38 8 68 51 17 3 14 33 41 98 25 5 34 45 77 24 21 97 64 4 95 86 12 37 42 10 15 73 90 71 13 53 54 32 16 79
TEST 21 ARG:10 94 98 44 79 62 43 73 9 35 89 68 7 26 77 25 57 81 71 24 4 59 33 20 12 29 56 2 11 22 76 84 70 63 83 14 61 91 86 54 39 72 0 66 58 96 80 64 50 85 93 55 46 27 41 67 13 19 45 38 30 5 31 40 16 49 92 75 15 48 51 34 36 99 60 32 95 74 28 6 65 21 42 69 90 97 17 8 18 87 3 53 52 78 23 88 82 37 1 47
TEST 22 ARG:63 83 67 32 55 79 56 1 24 48 23 61 97 21 45 2 40 80 50 7 26 65 99 12 10 42 20 15 35 14 62 5 49 0 54 41 52 59 58 33 29 30 11 73 95 90 43 94 44 4 18 39 93 71 81 84 75 8 47 70 72 36 60 96 16 78 6 76 46 27 98 86 53 69 89 88 68 3 34 13 38 37 77 85 92 25 74 28 57 17 51 9 87 66 64 22 19 91 31 82
TEST 23 ARG:53 22 50 66 65 16 7 42 28 56 13 51 47 33 8 93 35 21 95 9 68 94 26 44 92 85 99 34 60 32 24 36 64 45 38 41 48 40 0 11 1 46 18 88 70 62 43 90 78 82 15 83 5 37 17 27 19 14 80 87 52 89 23 91 55 31 75 30 86 20 2 67 96 10 25 59 97 73 58 84 79 3 98 74 61 81 12 54 72 77 63 6 29 69 71 4 49 57 76 39
TEST 24 ARG:69 21 49 96 62 17 51 23 88 72 44 36 30 13 55 15 7 9 40 63 80 8 1 43 75 47 16 50 89 24 54 67 77 98 76 79 25 33 93 39 83 90 10 28 37 31 11 42 71 70 61 78 46 66 60 57 94 20 87 34 97 68 2 48 38 74 56 91 99 58 5 12 26 29 32 35 92 0 3 73 52 95 6 19 64 84 59 45 27 22 85 81 14 86 18 41 65 82 53 4
TEST 25 ARG:57 82 3 13 18 67 71 76 6 75 44 52 64 43 90 79 11 55 94 22 28 61 85 20 35 47 34 41 23 63 15 24 7 95 16 27 30 42 70 65 31 29 87 4 58 38 72 56 19 80 32 48 26 45 93 88 25 46 78 10 68 91 81 77 54 50 14 86 84 49 59 0 40 62 33 66 74 2 99 17 96 12 21 60 83 1 9 98 37 5 8 53 89 51 36 92 39 69 97 73
TEST 26 ARG:36 92 27 1 73 38 62 6 33 96 58 7 4 41 25 71 97 12 22 86 28 87 10 2 49 56 55 69 44 30 91 66 67 11 29 40 48 64 42 43 60 15 20 98 46 70 52 89 21 19 16 13 99 31 93 5 39 61 72 82 34 35 88 79 8 26 37 90 32 75 23 77 95 81 54 45 84 78 9 94 83 63 74 59 65 47 50 53 85 76 68 57 0 14 3 17 18 51 24 80
TEST 27 ARG:80 13 6 99 42 27 53 52 39 94 23 98 67 21 41 34 81 90 93 14 16 87 17 85 65 8 38 92 89 15 58 78 62 50 40 26 71 74 55 24 70 9 11 61 96 22 2 68 63 19 31 54 46 25 76 12 57 77 72 64 69 83 37 36 20 45 33 88 4 10 49 18 1 97 60 30 51 7 79 73 91 44 47 48 95 56 29 43 3 84 35 86 66 5 28 75 82 32 59 0
TEST 28 ARG:78 79 69 13 15 53 31 23 32 77 83 68 92 43 86 64 89 57 56 75 30 67 94 93 40 25 71 60 49 33 36 76 91 65 19 39 17 26 80 24 96 45 12 50 18 66 0 73 8 21 2 51 7 41 10 70 47 29 28 63 74 95 87 52 5 54 37 27 88 48 46 44 1 84 20 72 97 4 9 59 38 55 16 98 85 34 22 61 58 42 82 6 11 62 81 3 99 90 14 35
TEST 29 ARG:4 67 93 53 31 92 45 76 3 50 56 25 60 70 75 59 29 71 15 9 14 85 34 74 40 12 42 89 91 1 94 32 30 97 69 73 84 20 48 6 37 79 28 77 5 81 21 44 39 22 86 41 78 63 54 18 72 65 38 98 8 68 62 82 83 17 0 26 87 57 64 95 58 16 46 47 19 52 36 96 23 43 13 61 66 90 11 99 2 33 27 24 51 88 49 55 80 35 10 7
TEST 30 ARG:18 54 26 41 71 95 0 37 20 17 3 28 90 22 27 53 69 38 30 72 13 84 21 66 4 9 44 59 94 11 39 35 68 99 10 73 2 24 60 98 77 12 57 58 16 76 46 6 67 31 43 34 49 87 88 92 83 36 75 51 14 79 19 62 40 86 89 93 61 56 23 96 70 82 47 7 25 80 8 55 45 48 29 5 97 1 33 32 63 74 81 42 78 52 65 91 85 50 64 15
TEST 31 ARG:28 80 90 66 20 26 32 2 53 31 13 21 96 91 57 84 83 71 43 78 94 27 41 19 97 15 18 37 38 81 40 36 11 52 59 65 30 48 1 92 16 74 76 99 63 47 46 25 54 77 14 50 23 79 45 87 85 4 67 51 86 24 44 42 29 68 61 12 9 34 22 73 0 35 7 5 58 64 88 17 82 93 98 60 56 75 49 6 70 89 3 69 72 95 55 33 39 10 8 62
TEST 32 ARG:76 47 34 19 78 37 22 89 50 6 15 99 62 73 58 86 32 31 70 88 87 77 53 28 7 39 16 96 84 72 13 30 3 91 1 25 68 20 57 63 80 59 45 36 74 40 81 35 18 54 64 52 51 79 38 9 0 29 83 97 85 61 5 8 48 66 43 67 94 23 75 69 26 49 2 12 17 27 33 11 92 44 24 42 95 93 14 21 65 56 60 90 41 10 55 82 71 98 4 46
TEST 33 ARG:55 18 41 97 95 46 87 0 37 59 20 54 12 39 82 19 43 99 38 71 86 44 21 92 45 75 50 36 35 48 4 5 73 83 24 49 26 69 2 33 68 17 72 76 9 16 1 91 66 22 52 32 13 63 28 60 85 42 53 81 23 10 11 80 8 65 47 70 89 98 78 96 90 3 62 6 27 88 77 40 94 29 14 67 64 51 25 56 30 7 61 58 84 57 79 31 15 93 74 34
TEST 34 ARG:80 11 44 19 40 25 97 79 41 71 55 10 47 61 21 58 31 96 66 32 28 43 68 88 20 14 2 59 69 1 26 95 57 87 0 65 74 36 56 89 67 17 98 50 22 84 54 86 3 24 13 45 15 78 51 94 90 9 39 99 46 81 18 29 8 35 62 76 5 93 6 49 53 85 64 91 92 38 37 30 63 34 83 75 72 48 33 73 27 23 60 52 4 42 7 77 16 82 12 70
TEST 35 ARG:19 55 20 12 88 47 38 13 14 34 70 67 35 10 40 21 9 39 76 30 92 90 84 54 53 99 98 52 69 41 31 94 59 66 7 51 26 60 16 50 44 43 42 32 1 4 64 65 83 8 6 33 97 48 27 25 3 0 80 29 24 15 61 23 85 73 79 62 63 18 68 56 91 75 37 46 71 93 78 17 2 49 81 74 57 82 45 95 58 89 28 77 11 96 5 86 22 87 72 36
TEST 36 ARG:59 85 37 79 19 8 84 30 98 45 80 68 27 44 87 20 65 5 90 89 6 32 95 97 42 34 49 62 56 94 91 60 53 40 66 14 76 54 9 88 51 2 38 4 72 43 92 93 47 11 21 63 1 77 67 15 22 78 13 74 41 24 61 18 50 23 12 33 46 29 28 31 52 96 75 48 7 26 3 39 82 17 16 81 0 10 69 57 86 58 99 70 25 64 35 55 73 36 83 71
TEST 37 ARG:43 41 62 4 48 35 12 8 36 83 50 88 11 34 46 59 75 33 94 28 53 44 7 99 66 20 27 47 60 85 54 3 79 18 76 31 22 90 19 80 64 32 52 6 15 89 87 42 9 45 40 39 1 84 70 5 65 74 69 49 37 10 21 93 24 71 81 26 82 73 63 55 68 29 58 16 72 97 96 92 30 51 95 38 13 57 25 91 0 2 17 14 86 23 67 61 56 98 77 78
TEST 38 ARG:70 68 56 74 16 93 59 86 84 51 97 0 52 44 32 3 2 71 50 26 90 30 76 98 75 83 43 45 9 64 94 87 81 79 40 17 4 1 54 35 20 18 67 96 10 15 34 88 21 61 46 31 23 27 47 14 22 7 91 13 66 72 39 77 37 5 99 11 41 6 29 89 53 57 49 63 92 82 65 12 48 85 36 38 8 42 55 19 69 28 95 25 78 58 60 33 62 24 80 73
TEST 39 ARG:71 37 55 49 57 26 4 32 23 68 41 90 94 76 43 52 31 27 79 11 70 64 83 24 63 82 50 62 6 80 10 95 19 7 38 8 93 77 99 12 96 56 85 0 98 67 45 17 42 28 48 59 72 69 40 39 65 51 1 47 5 73 29 35 89 20 22 46 91 92 25 18 14 84 3 33 81 2 30 44 13 53 21 88 75 87 66 9 58 54 78 36 61 34 74 16 15 60 97 86
TEST 40 ARG:99 91 47 24 93 76 96 7 35 10 33 85 5 71 94 13 14 30 43 83 51 36 6 22 65 46 19 2 64 80 16 42 48 31 66 28 77 45 12 39 23 3 29 78 52 40 82 53 79 86 11 9 55 62 41 44 88 63 18 90 17 89 4 72 98 26 49 97 87 95 8 57 74 15 70 60 27 56 32 67 68 34 84 38 1 69 54 61 25 0 58 21 59 50 37 20 75 92 73 81
